[gd_scene load_steps=21 format=3 uid="uid://ble25xwm6dllu"]

[ext_resource type="PackedScene" uid="uid://df0b08mdpd7kn" path="res://scenes/models/environment/terrain.tscn" id="1_fe2o3"]
[ext_resource type="PackedScene" uid="uid://djkhxkdyic626" path="res://scenes/ui/navigation_button.tscn" id="1_uhagc"]
[ext_resource type="PackedScene" uid="uid://dvd53runfr5vs" path="res://scenes/main.tscn" id="2_wb0q5"]
[ext_resource type="PackedScene" uid="uid://bn2j568mwjyxb" path="res://scenes/models/buildings/residential_placeholder.tscn" id="3_m1kxf"]
[ext_resource type="FontFile" uid="uid://chv1w8s37w8t7" path="res://assets/fonts/Jersey15-Regular.ttf" id="3_q85j6"]
[ext_resource type="Script" uid="uid://bvd3ryegodarr" path="res://scripts/ui/exit_button.gd" id="4_q85j6"]
[ext_resource type="PackedScene" uid="uid://bmglwbl6r4ao7" path="res://scenes/models/buildings/tree1.tscn" id="4_x2yvf"]
[ext_resource type="Script" uid="uid://sqer1ykwxtg5" path="res://addons/day_and_night_cycle/scripts/cycle_controller.gd" id="5_otr3d"]
[ext_resource type="PackedScene" uid="uid://cdw4atnef81ew" path="res://scenes/models/buildings/lumber_hut.tscn" id="5_x2yvf"]
[ext_resource type="Script" uid="uid://c85ddrpo5m0rc" path="res://scripts/environment/world_environment.gd" id="12_n4uci"]
[ext_resource type="Texture2D" uid="uid://bpoucta1iqcrr" path="res://assets/day_sky_cover.jpg" id="13_877pj"]
[ext_resource type="Texture2D" uid="uid://dhevk6s213jhd" path="res://assets/night_sky_cover.jpg" id="14_ayp64"]

[sub_resource type="StyleBoxFlat" id="StyleBoxFlat_8g5eo"]
content_margin_left = 24.0
content_margin_top = 12.0
content_margin_right = 24.0
content_margin_bottom = 12.0
bg_color = Color(0.22520697, 0.20444673, 0.22192162, 1)
border_width_left = 1
border_width_top = 1
border_width_right = 1
border_width_bottom = 1
border_blend = true
corner_radius_top_left = 12
corner_radius_top_right = 12
corner_radius_bottom_right = 12
corner_radius_bottom_left = 12

[sub_resource type="StyleBoxFlat" id="StyleBoxFlat_wb0q5"]
content_margin_left = 24.0
content_margin_top = 12.0
content_margin_right = 24.0
content_margin_bottom = 12.0
bg_color = Color(0.2784314, 0.25490198, 0.27450982, 1)
border_width_left = 1
border_width_top = 1
border_width_right = 1
border_width_bottom = 1
border_blend = true
corner_radius_top_left = 12
corner_radius_top_right = 12
corner_radius_bottom_right = 12
corner_radius_bottom_left = 12

[sub_resource type="StyleBoxFlat" id="StyleBoxFlat_q85j6"]
content_margin_left = 24.0
content_margin_top = 12.0
content_margin_right = 24.0
content_margin_bottom = 12.0
bg_color = Color(0.2784314, 0.25490198, 0.27450982, 1)
border_width_left = 1
border_width_top = 1
border_width_right = 1
border_width_bottom = 1
border_blend = true
corner_radius_top_left = 12
corner_radius_top_right = 12
corner_radius_bottom_right = 12
corner_radius_bottom_left = 12

[sub_resource type="StyleBoxFlat" id="StyleBoxFlat_7suek"]
content_margin_left = 24.0
content_margin_top = 12.0
content_margin_right = 24.0
content_margin_bottom = 12.0
bg_color = Color(0.7, 0.7, 0.7, 1)
border_width_left = 1
border_width_top = 1
border_width_right = 1
border_width_bottom = 1
border_blend = true
corner_radius_top_left = 12
corner_radius_top_right = 12
corner_radius_bottom_right = 12
corner_radius_bottom_left = 12

[sub_resource type="StyleBoxFlat" id="StyleBoxFlat_otr3d"]
content_margin_left = 24.0
content_margin_top = 12.0
content_margin_right = 24.0
content_margin_bottom = 12.0
bg_color = Color(0.22520697, 0.20444673, 0.22192162, 1)
border_width_left = 3
border_width_top = 3
border_width_right = 3
border_width_bottom = 3
border_blend = true
corner_radius_top_left = 12
corner_radius_top_right = 12
corner_radius_bottom_right = 12
corner_radius_bottom_left = 12

[sub_resource type="ProceduralSkyMaterial" id="ProceduralSkyMaterial_n4uci"]
sky_top_color = Color(0.5990235, 0.66700757, 0.74295527, 1)
sky_horizon_color = Color(0.69806564, 0.71506166, 0.7340486, 1)
sky_cover = ExtResource("13_877pj")
sun_angle_max = 15.0

[sub_resource type="Sky" id="Sky_muem4"]
sky_material = SubResource("ProceduralSkyMaterial_n4uci")

[sub_resource type="Environment" id="Environment_877pj"]
background_mode = 2
sky = SubResource("Sky_muem4")
ambient_light_source = 2
tonemap_mode = 3
tonemap_exposure = 0.5
ssao_enabled = true

[node name="MainMenu" type="Node3D"]

[node name="CanvasLayer" type="CanvasLayer" parent="."]

[node name="VBoxContainer" type="VBoxContainer" parent="CanvasLayer"]
anchors_preset = 8
anchor_left = 0.5
anchor_top = 0.5
anchor_right = 0.5
anchor_bottom = 0.5
offset_left = -418.0
offset_top = -209.5
offset_right = 418.0
offset_bottom = 209.5
grow_horizontal = 2
grow_vertical = 2
theme_override_constants/separation = 48

[node name="Create Game" type="MarginContainer" parent="CanvasLayer/VBoxContainer"]
layout_mode = 2
size_flags_horizontal = 4
size_flags_vertical = 4
theme_override_constants/margin_left = 256
theme_override_constants/margin_right = 256

[node name="Button" parent="CanvasLayer/VBoxContainer/Create Game" instance=ExtResource("1_uhagc")]
layout_mode = 2
scene = ExtResource("2_wb0q5")

[node name="Load Game" type="MarginContainer" parent="CanvasLayer/VBoxContainer"]
layout_mode = 2
size_flags_horizontal = 4
size_flags_vertical = 4

[node name="Button" parent="CanvasLayer/VBoxContainer/Load Game" instance=ExtResource("1_uhagc")]
layout_mode = 2
text = "Load Game"
scene = ExtResource("2_wb0q5")
should_load_save_file = true

[node name="Exit" type="MarginContainer" parent="CanvasLayer/VBoxContainer"]
layout_mode = 2
size_flags_horizontal = 4
size_flags_vertical = 4

[node name="Button" type="Button" parent="CanvasLayer/VBoxContainer/Exit"]
layout_mode = 2
theme_override_fonts/font = ExtResource("3_q85j6")
theme_override_font_sizes/font_size = 64
theme_override_styles/normal = SubResource("StyleBoxFlat_8g5eo")
theme_override_styles/pressed = SubResource("StyleBoxFlat_wb0q5")
theme_override_styles/hover = SubResource("StyleBoxFlat_q85j6")
theme_override_styles/disabled = SubResource("StyleBoxFlat_7suek")
theme_override_styles/focus = SubResource("StyleBoxFlat_otr3d")
text = "Exit"
script = ExtResource("4_q85j6")

[node name="CycleController" type="Node3D" parent="."]
script = ExtResource("5_otr3d")
metadata/_custom_type_script = "uid://sqer1ykwxtg5"

[node name="Sun" type="DirectionalLight3D" parent="CycleController"]
transform = Transform3D(-0.8660254, -0.3050726, 0.39614487, 0, 0.7922896, 0.61014515, -0.50000006, 0.5284012, -0.6861429, 0, 0, 4.7846985)
light_color = Color(1, 1, 0.98039216, 1)
shadow_enabled = true
shadow_reverse_cull_face = true
shadow_blur = 0.0

[node name="WorldEnvironment" type="WorldEnvironment" parent="CycleController"]
environment = SubResource("Environment_877pj")
script = ExtResource("12_n4uci")
day_cover = ExtResource("13_877pj")
night_cover = ExtResource("14_ayp64")

[node name="Environment" type="Node3D" parent="."]

[node name="Terrain" parent="Environment" instance=ExtResource("1_fe2o3")]

[node name="House1" parent="Environment" instance=ExtResource("3_m1kxf")]
transform = Transform3D(0.59482276, 0, -0.80385685, 0, 1, 0, 0.80385685, 0, 0.59482276, 32.889, 7.122, -3.967)

[node name="House2" parent="Environment" instance=ExtResource("3_m1kxf")]
transform = Transform3D(0.9205048, 0, 0.3907311, 0, 1, 0, -0.3907311, 0, 0.9205048, 25.189, 6.992, -8.832)

[node name="Tree1" parent="Environment" instance=ExtResource("4_x2yvf")]
transform = Transform3D(0.8660254, 0, -0.5, 0, 1, 0, 0.5, 0, 0.8660254, 28, 7.134019, -10)

[node name="Tree4" parent="Environment" instance=ExtResource("4_x2yvf")]
transform = Transform3D(0.8660254, 0, -0.5, 0, 1, 0, 0.5, 0, 0.8660254, 35, 8.171981, -25)

[node name="Tree2" parent="Environment" instance=ExtResource("4_x2yvf")]
transform = Transform3D(0.258819, 0, -0.9659258, 0, 1, 0, 0.9659258, 0, 0.258819, 34, 6.926034, -2)

[node name="Tree6" parent="Environment" instance=ExtResource("4_x2yvf")]
transform = Transform3D(0.258819, 0, -0.9659258, 0, 1, 0, 0.9659258, 0, 0.258819, 34, 7.9461784, -19)

[node name="Tree3" parent="Environment" instance=ExtResource("4_x2yvf")]
transform = Transform3D(-0.70710695, 0, -0.70710677, 0, 1, 0, 0.70710677, 0, -0.70710695, 23, 6.5601234, -7)

[node name="Tree5" parent="Environment" instance=ExtResource("4_x2yvf")]
transform = Transform3D(-0.70710695, 0, -0.70710677, 0, 1, 0, 0.70710677, 0, -0.70710695, 41, 8.120825, -23)

[node name="SawMill" parent="Environment" instance=ExtResource("5_x2yvf")]
transform = Transform3D(1, 0, 0, 0, 1, 0, 0, 0, 1, 37, 8, -21)

[node name="Camera3D" type="Camera3D" parent="."]
transform = Transform3D(0.9804365, 0.0022256717, -0.19682328, 0, 0.9999361, 0.011307248, 0.19683588, -0.011086037, 0.9803738, 27.879145, 8.353338, 0.20375824)

[connection signal="day_started" from="CycleController" to="CycleController/WorldEnvironment" method="_on_cycle_controller_day_started"]
[connection signal="night_started" from="CycleController" to="CycleController/WorldEnvironment" method="_on_cycle_controller_night_started"]
